zetasMont :: Vec 256 Coeff
zetasMont =
  $(listToVecTH
      ([ 0, 4404704, 1225192, 5356017, 4432297, 2073537, 959585, 7118889
       , 1127864, 4316082, 6183269, 6317820, 3683140, 5857270, 2847660, 3333070
       , 5791395, 3717061, 5306332, 7538573, 1433831, 5230764, 102741, 4188844
       , 3991098, 3506917, 1412169, 2596098, 7166550, 7779095, 7160494, 1021558
       , 3660155, 5494857, 7728763, 4295906, 2426029, 1463409, 3319516, 942444
       , 240251, 3944763, 8346195, 7517782, 2284528, 6526838, 37201, 4276932
       , 8003663, 5981652, 30277, 4961029, 3199380, 167391, 3017606, 7277219
       , 2181165, 2643808, 7909026, 5688287, 5259675, 5857234, 4226751, 8083730
       , 7548022, 6062151, 4756671, 1547625, 5305434, 8100339, 5187197, 6458059
       , 1028008, 8219804, 2575244, 252686, 2859958, 3197176, 3569031, 170215
       , 2935954, 3807529, 4861998, 6969943, 5079259, 6030864, 7633631, 1297900
       , 1962737, 1345418, 6127644, 2937254, 7638066, 3632224, 542892, 1290516
       , 2353441, 7095266, 1868195, 3565573, 4020567, 283195, 6365774, 4555964
       , 5692710, 4082015, 3082458, 2032096, 263764, 8255106, 3111846, 7495259
       , 6166667, 6996335, 4952270, 7774999, 4622597, 1092034, 6159232, 4813843
       , 2290804, 4579731, 5978886, 3770324, 3775501, 5747807, 5831186, 4912323
       , 7874359, 2643674, 383290, 704691, 1900696, 1928322, 8091975, 6123469
       , 1955865, 1873756, 5363642, 4055655, 5687262, 7954916, 4452426, 4661200
       , 661540, 469623, 222822, 7319146, 4736241, 795942, 591053, 4641561
       , 5935832, 3980902, 7413638, 3818712, 5059731, 6566723, 7732518, 1550685
       , 4279018, 2192315, 2563240, 7149519, 7580399, 4608981, 239053, 5761805
       , 4197776, 3661568, 5188681, 1592776, 5036728, 1828456, 7342784, 6330705
       , 1724376, 5586194, 1802609, 3533227, 7055840, 3367647, 7530364, 6591451
       , 1625432, 4380543, 956021, 3530990, 700871, 6269466, 7026420, 3850466
       , 8061216, 5926062, 6633468, 1491234, 202458, 7795004, 7767571, 2089470
       , 6661214, 7454993, 5009039, 7811748, 2444886, 3549161, 3951489, 2473175
       , 6581316, 6835512, 4170565, 6867571, 734332, 5944077, 7970205, 3653738
       , 1828876, 1929018, 7950631, 7364063, 2739416, 6885443, 6937485, 5550957
       , 6276665, 239554, 4800282, 2412880, 5661447, 1871107, 5468757, 4822141
       , 1668718, 5508801, 4512643, 1944510, 6138612, 2781349, 7251329, 5074658
       , 6669696, 3902432, 955046, 2229089, 7232241, 4866947, 5854872, 1292594
       , 8301550, 7651776, 4933341, 1330675, 1727540, 6621014, 2360792, 8047210
       ] :: [Coeff]))
